K=(11.2293750495483,13.7862752581931)
Q=(10.3370796225471,13.3430643103641)
L=(9.8250974278155,14.385543697106)
M=(10.4212500998319,15.5389695190509)
N=(11.2497414322705,15.0082582215273)
O=(11.2278255023398,13.8033961913567)
P=(11.5862740869193,13.5837018975821)
