C=(7.5431152049048,13.3934834146838)
E=(7.5431152049048,17.2833817893617)
F=(7.5431152049048,17.2234738549615)
G=(8.5275262778609,17.287700838174)
H=(9.2404186041328,15.5765080917688)
I=(7.6890444805223,14.5868383922242)