S=(12.1338545766406,15.2950431431385)
T=(12.1583944868085,13.8839983084843)
V=(12.8823218367615,14.4974960626818)
W=(13.5326294562108,13.9821579491559)
Z=(14.5387657730947,14.1907471855831)
A=(14.0479675697367,15.2091534575508)
B=(14.5755756383465,15.1968835024669)
